44.6335015202961710 
54.4583320742622660 
33.4014942265812710 
27.7722844619746670 
56.3964261520724150 
51.9423317815768040 
60.9934484307564730 
68.7000407983972390 
57.0598332029140560 
69.1614587128123470 
65.9093279674087000 
42.8768672078026820 
38.5443034130480770 
35.6569521297543370 
43.5817174886830330 
54.9036673815394140 
51.8085859177640200 
64.2518545515208360 
67.1042354139976420 
68.0083122425920120 
67.3005751098210820 
44.7291048227996200 
44.0812827459141300 
35.5465751599227460 
53.8991406133456290 
31.3320749150389620 
51.9614796544586070 
42.8429406696426080 
59.0755103067878050 
45.6332738932269350 
47.8563605695156940 
69.2404144086903980 
69.0486399118305480 
30.1752287102363400 
35.3822251796579370 
53.7922922819201050 
49.9216647505296220 
22.4069484048653040 
28.1857495519446990 
45.5444687498887220 
42.8693882503083400 
39.7555037440084290 
52.8650950882320100 
61.6770524730526970 
61.7394029291891900 
34.1148664707738050 
25.2712993707987470 
25.0346179537758790 
37.8658786641395080 
42.4405313736303570 
39.5149022373901960 
40.0958630435443410 
39.1104432545165320 
65.7394920554874600 
65.7305214641960870 
49.1929758662697910 
41.6760749740596950 
61.7624472884820930 
52.5907133750848960 
30.0570517845453470 
60.7633114869930750 
64.2312509793436130 
45.2199438363998990 
46.9208984001219630 
51.9588711440465540 
68.2819373600436140 
67.3265011598013390 
22.2318475580594960 
31.9150380553681110 
63.0614000038441920 
20.8535497100121920 
53.6865823030636090 
40.3968357116637830 
46.0399190738784510 
46.1959095226938890 
49.5296380058406950 
72.5079118110850090 
66.6476438778573910 
47.6917196545818670 
56.5514506519173710 
33.3348405209462650 
31.8754025381955270 
26.6657393346439200 
65.8565488697968390 
57.2212931810896350 
65.2503383504936210 
54.1522619677827560 
56.2905241967949120 
63.0767029542508840 
38.6427001459453340 
61.6652466388117090 
28.9135496706627000 
32.2946469982878380 
61.9250261253144670 
62.6437028185684500 
69.2008607459945470 
60.6518049526741270 
31.2954323709674720 
31.5698733314845550 
29.9002152001932120 
68.6058713170077540 
62.4915216545910820 
68.6263613512352320 
54.7907023619144980 
52.4141842303151790 
28.6793314881740710 
49.4791105078644260 
55.0649478611349040 
61.8287124942116080 
62.2036304970921990 
50.5314152564119250 
65.2911519538144490 
56.8176618079178650 
56.8772244549285230 
26.9879517444971770 
60.6298901194596810 
64.4540965518875740 
57.1573149317569290 
50.8250298459210440 
52.1750933452643510 
63.8875975038274430 
70.6331009620611500 
47.9506134515954230 
59.7491617422477860 
57.5593861011883450 
64.3329066216153790 
30.8021662092766740 
35.4445473759374390 
57.0555060521563530 
68.0145593220900650 
70.6454554151880670 
39.6164658792040780 
46.8734814902885830 
58.6155158627143750 
48.1770877700660660 
63.7662215945861350 
52.1982995938619820 
31.1066253686812790 
44.1585975788345100 
44.4972994396236460 
65.2353818522948790 
65.0009193553107850 
54.9365841203738510 
58.3335094675190150 
54.7551760469475540 
31.6626697117313500 
31.6159423089205130 
60.6594002340164810 
58.4862454946433560 
60.4533587674090210 
70.1717366066241370 
66.9551889523398100 
63.1595494698399950 
27.9290216951623160 
27.7948512036895890 
67.2340959606766830 
67.2789102004627040 
65.8878957995732010 
25.6006851038542610 
31.0109901724038690 
27.1758952448337010 
60.4406016361041980 
62.0317423140817890 
65.5577407466995080 
55.4243638725330070 
69.6139248954981010 
64.4572999492472150 
31.2171364461529240 
49.4258623388635600 
50.6809805419973710 
52.3188757887087020 
63.6879298726302920 
61.3198501169880790 
54.2912993200955820 
53.8078715688644490 
57.5117052971993350 
21.5677511292938250 
32.8059759614334470 
54.8742427121399100 
54.0983086064718820 
41.1895936893402210 
20.5896296178254520 
36.3222537633744980 
40.4845526588276600 
40.7335338190096220 
54.2097048295212640 
43.5355576623131240 
57.7570205119994920 
43.9147347517255540 
39.2698212296968730 
50.6486020804074500 
41.0023857767691100 
24.6377972943942320 
32.8716909220229990 
43.2274963667462160 
44.7814636934111830 
52.1426863875629110 
53.5015015797009210 
42.5935599890684600 
62.6133141145028200 
46.1664324642358110 
43.1690515783023800 
47.7014344259691190 
44.7020356134516060 
55.2819674124622860 
53.9214114800181720 
36.7359866063671840 
28.4972466367789290 
39.9079570493681150 
43.1456324272384320 
41.5433276670113330 
57.8133476416822420 
62.2134371005762220 
51.7870274395626990 
57.7195036604457030 
60.5759178784026420 
24.6709234030972620 
55.9692447328950560 
47.1471987055512260 
48.4023519475729030 
62.7265583785938860 
59.9540371607059010 
55.6136530721139690 
26.8851522346099900 
48.1639934309334310 
21.2377391308046950 
53.5620966950568800 
51.4261561779139170 
65.4083180521012220 
69.3917338746951340 
27.1799230062310930 
48.5218100119983830 
50.6526110377187710 
54.4384511074317670 
59.4475938562680640 
27.3289273090683520 
29.1010422850437570 
57.1529887579531320 
58.0507967260276980 
63.0751929200448910 
52.9142641619967550 
68.2908244135658290 
61.2248926157170460 
37.0075980585959460 
39.5829569793720490 
43.5255000991797940 
46.6316472551141670 
58.6821485174522690 
44.4630857302848530 
36.3342117241219640 
32.2212936154750910 
46.5160432565358730 
64.7394393034370100 
65.2385579782825720 
46.3921526714454660 
64.1842555492267760 
63.3961883623097220 
57.3984206600748340 
36.9490254986903610 
32.2517760421690840 
64.4270882762370290 
56.8504167911133320 
70.3226323237581280 
69.6502785221540250 
